3.352351633177420654e+11
3.075257876824888916e+11
3.410136900384708252e+11
3.089725982776968994e+11
3.275441384021282349e+11
3.384721532123990479e+11
3.585681907514203491e+11
3.112245141830416870e+11
3.297179108319751587e+11
3.382328749460333252e+11
3.349702831700299683e+11
3.225788722505855103e+11
3.154160695088172607e+11
3.547678200921495972e+11
2.596833860018113708e+11
2.984373209686591187e+11
3.398940610695657959e+11
3.503909490080718994e+11
3.503820303933176880e+11
3.002238882715649414e+11
3.295496585672454224e+11
3.195557479262564087e+11
3.154158820326173706e+11
3.279908592430869141e+11
3.547244434979176636e+11
3.005939684301301880e+11
3.035370433519841309e+11
2.977774307761359863e+11
3.176566463274929199e+11
3.124161041387011719e+11
3.509414576445426025e+11
3.758466078274818115e+11
4.730496199162835083e+11
4.425898581854221802e+11
4.195439119112674561e+11
4.663550326943273315e+11
4.460607711999171753e+11
4.776893609570738525e+11
4.648247908479962769e+11
5.369386068883048706e+11
4.732799608799348755e+11
4.584910064967983398e+11
4.462804774397713623e+11
4.138229339589855957e+11
3.835499837814437866e+11
3.629717676827612915e+11
3.644367828026012573e+11
3.546247992774269409e+11
3.772172375748424072e+11
3.440325194758741455e+11
3.649044365717996826e+11
3.368342859427758789e+11
3.114557943063577271e+11
3.367411753220397339e+11
3.492981594358948364e+11
3.177127263459886475e+11
3.277801291157715454e+11
3.074685835911807251e+11
3.467918215911706543e+11
3.346736298149315796e+11
3.243615423947659302e+11
3.318839639172564697e+11
3.086066013282061768e+11
3.022486483234764404e+11
3.342952832078809814e+11
3.054370573202034302e+11
3.338224798387639160e+11
3.433992893226525879e+11
3.277886802369428711e+11
3.146326695823892822e+11
3.110169858668722534e+11
2.989268481697122803e+11
3.181323421945592041e+11
3.341120389232712402e+11
3.487163500416478271e+11
3.173599701713119507e+11
3.046168983967884521e+11
3.703671440156124268e+11
3.274285758580513916e+11
2.899873190637416992e+11
3.114882344679000244e+11
2.982159663748256226e+11
3.147896476916373291e+11
3.039544072991883545e+11
2.943415444533653564e+11
3.491195623568820801e+11
3.203327207929261475e+11
3.459245610584592896e+11
2.941373112817890015e+11
3.301108103264006348e+11
